2556 0 112.5 112.5 0 1 1 0 2857 122 22.5 0 3137 0.690345 0.422646
2556 1 0 0 42.55 0 1 0 2857 122 22.5 1 3137 0.690345 0.422646
2556 2 0 0 7.5 0 1 0 2857 122 22.5 2 3137 0.690345 0.422646
2556 3 0 0 4.23 0 1 0 2857 122 22.5 3 3137 0.690345 0.422646
2556 4 0 0 0 1 1 0 2857 122 22.5 4 3137 0.690345 0.422646
2556 5 0 0 2.09 0 1 0 2857 122 22.5 5 3137 0.690345 0.422646
2556 6 0 0 0 1 1 0 2857 122 22.5 6 3137 0.690345 0.422646
2556 9 0 0 0 1 1 0 2857 122 22.5 9 3137 0.690345 0.422646
2556 10 0 0 0.77 0 1 0 2857 122 22.5 10 3137 0.690345 0.422646
2556 11 0 0 0 1 1 0 2857 122 22.5 11 3137 0.690345 0.422646
2556 20 0 0 0 1 1 0 2857 122 22.5 20 3137 0.690345 0.422646
2556 30 0 0 0 1 1 0 2857 122 22.5 30 3137 0.690345 0.422646
2557 0 157.5 157.5 0 1 1 1 4676 90 31.5 30 4956 1.07505 0.744171
2557 1 0 0 45.78 0 1 1 4676 90 31.5 31 4956 1.07505 0.744171
2557 2 0 0 24.94 0 1 1 4676 90 31.5 32 4956 1.07505 0.744171
2557 3 0 0 11.97 0 1 1 4676 90 31.5 33 4956 1.07505 0.744171
2557 4 0 0 0 1 1 1 4676 90 31.5 34 4956 1.07505 0.744171
2557 5 0 0 6.56 0 1 1 4676 90 31.5 35 4956 1.07505 0.744171
2557 6 0 0 0 1 1 1 4676 90 31.5 36 4956 1.07505 0.744171
2557 9 0 0 0 1 1 1 4676 90 31.5 39 4956 1.07505 0.744171
2557 10 0 0 2.63 0 1 1 4676 90 31.5 40 4956 1.07505 0.744171
2557 11 0 0 0 1 1 1 4676 90 31.5 41 4956 1.07505 0.744171
2557 20 0 0 0.9 0 1 1 4676 90 31.5 50 4956 1.07505 0.744171
2557 30 0 0 0.38 0 1 1 4676 90 31.5 60 4956 1.07505 0.744171
2558 0 105 105 0 1 1 0 2344 116 21 60 2624 0.540137 0.356719
2558 1 0 0 46.81 0 1 0 2344 116 21 61 2624 0.540137 0.356719
2558 2 0 0 0 1 1 0 2344 116 21 62 2624 0.540137 0.356719
2558 3 0 0 12.69 0 1 0 2344 116 21 63 2624 0.540137 0.356719
2558 4 0 0 0 1 1 0 2344 116 21 64 2624 0.540137 0.356719
2558 5 0 0 5.79 0 1 0 2344 116 21 65 2624 0.540137 0.356719
2558 6 0 0 0 1 1 0 2344 116 21 66 2624 0.540137 0.356719
2558 9 0 0 0 1 1 0 2344 116 21 69 2624 0.540137 0.356719
2558 10 0 0 2.01 0 1 0 2344 116 21 70 2624 0.540137 0.356719
2558 11 0 0 0 1 1 0 2344 116 21 71 2624 0.540137 0.356719
2558 20 0 0 0.55 0 1 0 2344 116 21 80 2624 0.540137 0.356719
2558 30 0 0 0 1 1 0 2344 116 21 90 2624 0.540137 0.356719
2560 0 50 50 0 1 1 1 748 83 10 90 1028 -0.248124 -0.352258
2560 1 0 0 43.35 0 1 1 748 83 10 91 1028 -0.248124 -0.352258
2560 2 0 0 16.32 0 1 1 748 83 10 92 1028 -0.248124 -0.352258
2560 3 0 0 7.45 0 1 1 748 83 10 93 1028 -0.248124 -0.352258
2560 4 0 0 0 1 1 1 748 83 10 94 1028 -0.248124 -0.352258
2560 5 0 0 3.14 0 1 1 748 83 10 95 1028 -0.248124 -0.352258
2560 6 0 0 0 1 1 1 748 83 10 96 1028 -0.248124 -0.352258
2560 9 0 0 0 1 1 1 748 83 10 99 1028 -0.248124 -0.352258
2560 10 0 0 1.14 0 1 1 748 83 10 100 1028 -0.248124 -0.352258
2560 11 0 0 0 1 1 1 748 83 10 101 1028 -0.248124 -0.352258
2560 20 0 0 0 1 1 1 748 83 10 110 1028 -0.248124 -0.352258
2560 30 0 0 0 1 1 1 748 83 10 120 1028 -0.248124 -0.352258
2561 0 255 255 0 1 1 0 4007 0 51 120 4287 0.953064 1.2046
2561 1 0 0 67.73 0 1 0 4007 0 51 121 4287 0.953064 1.2046
2561 2 0 0 17.86 0 1 0 4007 0 51 122 4287 0.953064 1.2046
2561 3 0 0 8.19 0 1 0 4007 0 51 123 4287 0.953064 1.2046
2561 4 0 0 0 1 1 0 4007 0 51 124 4287 0.953064 1.2046
2561 5 0 0 4.15 0 1 0 4007 0 51 125 4287 0.953064 1.2046
2561 6 0 0 0 1 1 0 4007 0 51 126 4287 0.953064 1.2046
2561 9 0 0 0 1 1 0 4007 0 51 129 4287 0.953064 1.2046
2561 10 0 0 1.75 0 1 0 4007 0 51 130 4287 0.953064 1.2046
2561 11 0 0 0 1 1 0 4007 0 51 131 4287 0.953064 1.2046
2561 20 0 0 0.55 0 1 0 4007 0 51 140 4287 0.953064 1.2046
2561 30 0 0 0 1 1 0 4007 0 51 150 4287 0.953064 1.2046
2562 0 70.5 70.5 0 1 1 0 1992 112 14.1 150 2272 0.418974 -0.0239326
2562 1 0 0 34.52 0 1 0 1992 112 14.1 151 2272 0.418974 -0.0239326
2562 2 0 0 12.27 0 1 0 1992 112 14.1 152 2272 0.418974 -0.0239326
2562 3 0 0 5.6 0 1 0 1992 112 14.1 153 2272 0.418974 -0.0239326
2562 4 0 0 0 1 1 0 1992 112 14.1 154 2272 0.418974 -0.0239326
2562 5 0 0 2.93 0 1 0 1992 112 14.1 155 2272 0.418974 -0.0239326
2562 6 0 0 0 1 1 0 1992 112 14.1 156 2272 0.418974 -0.0239326
2562 9 0 0 0 1 1 0 1992 112 14.1 159 2272 0.418974 -0.0239326
2562 10 0 0 0.97 0 1 0 1992 112 14.1 160 2272 0.418974 -0.0239326
2562 11 0 0 0 1 1 0 1992 112 14.1 161 2272 0.418974 -0.0239326
2562 20 0 0 0 1 1 0 1992 112 14.1 170 2272 0.418974 -0.0239326
2562 30 0 0 0 1 1 0 1992 112 14.1 180 2272 0.418974 -0.0239326
2563 0 33.5 33.5 0 1 0 0 149 62 6.6 180 429 -0.983246 -0.749315
2563 1 0 0 28.15 0 0 0 149 62 6.6 181 429 -0.983246 -0.749315
2563 2 0 0 8.42 0 0 0 149 62 6.6 182 429 -0.983246 -0.749315
2563 3 0 0 5.47 0 0 0 149 62 6.6 183 429 -0.983246 -0.749315
2563 4 0 0 0 1 0 0 149 62 6.6 184 429 -0.983246 -0.749315
2563 5 0 0 2.98 0 0 0 149 62 6.6 185 429 -0.983246 -0.749315
2563 6 0 0 0 1 0 0 149 62 6.6 186 429 -0.983246 -0.749315
2563 9 0 0 0 1 0 0 149 62 6.6 189 429 -0.983246 -0.749315
2563 10 0 0 1.33 0 0 0 149 62 6.6 190 429 -0.983246 -0.749315
2563 11 0 0 0 1 0 0 149 62 6.6 191 429 -0.983246 -0.749315
2563 20 0 0 0.46 0 0 0 149 62 6.6 200 429 -0.983246 -0.749315
2563 30 0 0 0 1 0 0 149 62 6.6 210 429 -0.983246 -0.749315
2564 0 106 106 0 1 1 0 1919 111 21.2 210 2199 0.391502 0.365776
2564 1 0 0 24.41 0 1 0 1919 111 21.2 211 2199 0.391502 0.365776
2564 2 0 0 10.48 0 1 0 1919 111 21.2 212 2199 0.391502 0.365776
2564 3 0 0 6.3 0 1 0 1919 111 21.2 213 2199 0.391502 0.365776
2564 4 0 0 0 1 1 0 1919 111 21.2 214 2199 0.391502 0.365776
2564 5 0 0 1.43 0 1 0 1919 111 21.2 215 2199 0.391502 0.365776
2564 6 0 0 0 1 1 0 1919 111 21.2 216 2199 0.391502 0.365776
2564 9 0 0 0 1 1 0 1919 111 21.2 219 2199 0.391502 0.365776
2564 10 0 0 1.83 0 1 0 1919 111 21.2 220 2199 0.391502 0.365776
2564 11 0 0 0 1 1 0 1919 111 21.2 221 2199 0.391502 0.365776
2564 20 0 0 0.59 0 1 0 1919 111 21.2 230 2199 0.391502 0.365776
2564 30 0 0 0 1 1 0 1919 111 21.2 240 2199 0.391502 0.365776
2565 0 24 24 0 1 1 1 61 57 4.8 240 341 -1.17636 -1.05362
2565 1 0 0 19.23 0 1 1 61 57 4.8 241 341 -1.17636 -1.05362
2565 2 0 0 7.96 0 1 1 61 57 4.8 242 341 -1.17636 -1.05362
2565 3 0 0 4.56 0 1 1 61 57 4.8 243 341 -1.17636 -1.05362
2565 4 0 0 0 1 1 1 61 57 4.8 244 341 -1.17636 -1.05362
2565 5 0 0 2.42 0 1 1 61 57 4.8 245 341 -1.17636 -1.05362
2565 6 0 0 0 1 1 1 61 57 4.8 246 341 -1.17636 -1.05362
2565 9 0 0 0 1 1 1 61 57 4.8 249 341 -1.17636 -1.05362
2565 10 0 0 1.11 0 1 1 61 57 4.8 250 341 -1.17636 -1.05362
2565 11 0 0 0 1 1 1 61 57 4.8 251 341 -1.17636 -1.05362
2565 20 0 0 0 1 1 1 61 57 4.8 260 341 -1.17636 -1.05362
2565 30 0 0 0 1 1 1 61 57 4.8 270 341 -1.17636 -1.05362
2566 0 63.5 63.5 0 1 1 0 1022 92 12.7 270 1302 -0.0493634 -0.12386
2566 1 0 0 26.49 0 1 0 1022 92 12.7 271 1302 -0.0493634 -0.12386
2566 2 0 0 6.81 0 1 0 1022 92 12.7 272 1302 -0.0493634 -0.12386
2566 3 0 0 4.02 0 1 0 1022 92 12.7 273 1302 -0.0493634 -0.12386
2566 4 0 0 0 1 1 0 1022 92 12.7 274 1302 -0.0493634 -0.12386
2566 5 0 0 2.99 0 1 0 1022 92 12.7 275 1302 -0.0493634 -0.12386
2566 6 0 0 0 1 1 0 1022 92 12.7 276 1302 -0.0493634 -0.12386
2566 9 0 0 0 1 1 0 1022 92 12.7 279 1302 -0.0493634 -0.12386
2566 10 0 0 1.38 0 1 0 1022 92 12.7 280 1302 -0.0493634 -0.12386
2566 11 0 0 0 1 1 0 1022 92 12.7 281 1302 -0.0493634 -0.12386
2566 20 0 0 0 1 1 0 1022 92 12.7 290 1302 -0.0493634 -0.12386
2566 30 0 0 0 1 1 0 1022 92 12.7 300 1302 -0.0493634 -0.12386
2568 0 49 49 0 1 1 1 288 76 9.8 300 568 -0.747156 -0.371564
2568 1 0 0 23.26 0 1 1 288 76 9.8 301 568 -0.747156 -0.371564
2568 2 0 0 5.76 0 1 1 288 76 9.8 302 568 -0.747156 -0.371564
2568 3 0 0 2.89 0 1 1 288 76 9.8 303 568 -0.747156 -0.371564
2568 4 0 0 0 1 1 1 288 76 9.8 304 568 -0.747156 -0.371564
2568 5 0 0 1.51 0 1 1 288 76 9.8 305 568 -0.747156 -0.371564
2568 6 0 0 0 1 1 1 288 76 9.8 306 568 -0.747156 -0.371564
2568 9 0 0 0 1 1 1 288 76 9.8 309 568 -0.747156 -0.371564
2568 10 0 0 0.62 0 1 1 288 76 9.8 310 568 -0.747156 -0.371564
2568 11 0 0 0 1 1 1 288 76 9.8 311 568 -0.747156 -0.371564
2568 20 0 0 0 1 1 1 288 76 9.8 320 568 -0.747156 -0.371564
2568 30 0 0 0 1 1 1 288 76 9.8 330 568 -0.747156 -0.371564
2569 0 184 184 0 1 1 0 2751 0 36.8 330 3031 0.66143 0.892773
2569 1 0 0 35.26 0 1 0 2751 0 36.8 331 3031 0.66143 0.892773
2569 2 0 0 20.48 0 1 0 2751 0 36.8 332 3031 0.66143 0.892773
2569 3 0 0 9.38 0 1 0 2751 0 36.8 333 3031 0.66143 0.892773
2569 4 0 0 0 1 1 0 2751 0 36.8 334 3031 0.66143 0.892773
2569 5 0 0 4.61 0 1 0 2751 0 36.8 335 3031 0.66143 0.892773
2569 6 0 0 0 1 1 0 2751 0 36.8 336 3031 0.66143 0.892773
2569 9 0 0 0 1 1 0 2751 0 36.8 339 3031 0.66143 0.892773
2569 10 0 0 1.69 0 1 0 2751 0 36.8 340 3031 0.66143 0.892773
2569 11 0 0 0 1 1 0 2751 0 36.8 341 3031 0.66143 0.892773
2569 20 0 0 0.68 0 1 0 2751 0 36.8 350 3031 0.66143 0.892773
2569 30 0 0 0 1 1 0 2751 0 36.8 360 3031 0.66143 0.892773
2570 0 35 35 0 1 1 1 95 67 7 360 375 -1.09641 -0.693088
2570 1 0 0 26.09 0 1 1 95 67 7 361 375 -1.09641 -0.693088
2570 2 0 0 6.27 0 1 1 95 67 7 362 375 -1.09641 -0.693088
2570 3 0 0 4.38 0 1 1 95 67 7 363 375 -1.09641 -0.693088
2570 4 0 0 0 1 1 1 95 67 7 364 375 -1.09641 -0.693088
2570 5 0 0 2.46 0 1 1 95 67 7 365 375 -1.09641 -0.693088
2570 6 0 0 0 1 1 1 95 67 7 366 375 -1.09641 -0.693088
2570 9 0 0 0 1 1 1 95 67 7 369 375 -1.09641 -0.693088
2570 10 0 0 0.91 0 1 1 95 67 7 370 375 -1.09641 -0.693088
2570 11 0 0 0 1 1 1 95 67 7 371 375 -1.09641 -0.693088
2570 20 0 0 0 1 1 1 95 67 7 380 375 -1.09641 -0.693088
2570 30 0 0 0 1 1 1 95 67 7 390 375 -1.09641 -0.693088
2572 0 23.3 23.3 0 1 1 1 67 55 4.7 390 347 -1.16169 -1.07374
2572 1 0 0 7.33 0 1 1 67 55 4.7 391 347 -1.16169 -1.07374
2572 2 0 0 2.56 0 1 1 67 55 4.7 392 347 -1.16169 -1.07374
2572 3 0 0 1.35 0 1 1 67 55 4.7 393 347 -1.16169 -1.07374
2572 4 0 0 0 1 1 1 67 55 4.7 394 347 -1.16169 -1.07374
2572 5 0 0 1.1 0 1 1 67 55 4.7 395 347 -1.16169 -1.07374
2572 6 0 0 0 1 1 1 67 55 4.7 396 347 -1.16169 -1.07374
2572 9 0 0 0 1 1 1 67 55 4.7 399 347 -1.16169 -1.07374
2572 10 0 0 1.05 0 1 1 67 55 4.7 400 347 -1.16169 -1.07374
2572 11 0 0 0 1 1 1 67 55 4.7 401 347 -1.16169 -1.07374
2572 20 0 0 0.47 0 1 1 67 55 4.7 410 347 -1.16169 -1.07374
2572 30 0 0 0.93 0 1 1 67 55 4.7 420 347 -1.16169 -1.07374
2573 0 12.35 12.35 0 1 1 1 57 51 2.5 420 337 -1.18629 -1.67697
2573 1 0 0 21.89 0 1 1 57 51 2.5 421 337 -1.18629 -1.67697
2573 2 0 0 9.34 0 1 1 57 51 2.5 422 337 -1.18629 -1.67697
2573 3 0 0 5.2 0 1 1 57 51 2.5 423 337 -1.18629 -1.67697
2573 4 0 0 0 1 1 1 57 51 2.5 424 337 -1.18629 -1.67697
2573 5 0 0 2.4 0 1 1 57 51 2.5 425 337 -1.18629 -1.67697
2573 6 0 0 0 1 1 1 57 51 2.5 426 337 -1.18629 -1.67697
2573 9 0 0 0 1 1 1 57 51 2.5 429 337 -1.18629 -1.67697
2573 10 0 0 0.84 0 1 1 57 51 2.5 430 337 -1.18629 -1.67697
2573 11 0 0 0 1 1 1 57 51 2.5 431 337 -1.18629 -1.67697
2573 20 0 0 0.61 0 1 1 57 51 2.5 440 337 -1.18629 -1.67697
2573 30 0 0 0 1 1 1 57 51 2.5 450 337 -1.18629 -1.67697
2574 0 45.5 45.5 0 1 0 1 525 75 9.1 450 805 -0.453817 -0.442379
2574 1 0 0 29.94 0 0 1 525 75 9.1 451 805 -0.453817 -0.442379
2574 2 0 0 11.2 0 0 1 525 75 9.1 452 805 -0.453817 -0.442379
2574 3 0 0 6.04 0 0 1 525 75 9.1 453 805 -0.453817 -0.442379
2574 4 0 0 0 1 0 1 525 75 9.1 454 805 -0.453817 -0.442379
2574 5 0 0 3.05 0 0 1 525 75 9.1 455 805 -0.453817 -0.442379
2574 6 0 0 0 1 0 1 525 75 9.1 456 805 -0.453817 -0.442379
2574 9 0 0 0 1 0 1 525 75 9.1 459 805 -0.453817 -0.442379
2574 10 0 0 0.98 0 0 1 525 75 9.1 460 805 -0.453817 -0.442379
2574 11 0 0 0 1 0 1 525 75 9.1 461 805 -0.453817 -0.442379
2574 20 0 0 0 1 0 1 525 75 9.1 470 805 -0.453817 -0.442379
2574 30 0 0 0 1 0 1 525 75 9.1 480 805 -0.453817 -0.442379
2575 0 18.1 18.1 0 1 1 1 59 54 3.6 480 339 -1.18131 -1.32852
2575 1 0 0 41.84 0 1 1 59 54 3.6 481 339 -1.18131 -1.32852
2575 2 0 0 15.78 0 1 1 59 54 3.6 482 339 -1.18131 -1.32852
2575 3 0 0 9.23 0 1 1 59 54 3.6 483 339 -1.18131 -1.32852
2575 4 0 0 0 1 1 1 59 54 3.6 484 339 -1.18131 -1.32852
2575 5 0 0 5.28 0 1 1 59 54 3.6 485 339 -1.18131 -1.32852
2575 6 0 0 0 1 1 1 59 54 3.6 486 339 -1.18131 -1.32852
2575 9 0 0 0 1 1 1 59 54 3.6 489 339 -1.18131 -1.32852
2575 10 0 0 2.41 0 1 1 59 54 3.6 490 339 -1.18131 -1.32852
2575 11 0 0 0 1 1 1 59 54 3.6 491 339 -1.18131 -1.32852
2575 20 0 0 0 1 1 1 59 54 3.6 500 339 -1.18131 -1.32852
2575 30 0 0 0 1 1 1 59 54 3.6 510 339 -1.18131 -1.32852
2576 0 263.5 263.5 0 1 1 1 5970 180 52.7 510 6250 1.27019 1.23594
2576 1 0 0 50.59 0 1 1 5970 180 52.7 511 6250 1.27019 1.23594
2576 2 0 0 18.42 0 1 1 5970 180 52.7 512 6250 1.27019 1.23594
2576 3 0 0 6.21 0 1 1 5970 180 52.7 513 6250 1.27019 1.23594
2576 4 0 0 0 1 1 1 5970 180 52.7 514 6250 1.27019 1.23594
2576 5 0 0 3.64 0 1 1 5970 180 52.7 515 6250 1.27019 1.23594
2576 6 0 0 0 1 1 1 5970 180 52.7 516 6250 1.27019 1.23594
2576 9 0 0 0 1 1 1 5970 180 52.7 519 6250 1.27019 1.23594
2576 10 0 0 1.49 0 1 1 5970 180 52.7 520 6250 1.27019 1.23594
2576 11 0 0 0 1 1 1 5970 180 52.7 521 6250 1.27019 1.23594
2576 20 0 0 0.59 0 1 1 5970 180 52.7 530 6250 1.27019 1.23594
2576 30 0 0 0 1 1 1 5970 180 52.7 540 6250 1.27019 1.23594
2577 0 484 484 0 1 1 0 5760 178 96.8 540 6040 1.24144 1.81696
2577 1 0 0 38.62 0 1 0 5760 178 96.8 541 6040 1.24144 1.81696
2577 2 0 0 26.78 0 1 0 5760 178 96.8 542 6040 1.24144 1.81696
2577 3 0 0 7.53 0 1 0 5760 178 96.8 543 6040 1.24144 1.81696
2577 4 0 0 0 1 1 0 5760 178 96.8 544 6040 1.24144 1.81696
2577 5 0 0 3.75 0 1 0 5760 178 96.8 545 6040 1.24144 1.81696
2577 6 0 0 0 1 1 0 5760 178 96.8 546 6040 1.24144 1.81696
2577 9 0 0 0 1 1 0 5760 178 96.8 549 6040 1.24144 1.81696
2577 10 0 0 8.01 0 1 0 5760 178 96.8 550 6040 1.24144 1.81696
2577 11 0 0 0 1 1 0 5760 178 96.8 551 6040 1.24144 1.81696
2577 20 0 0 0 1 1 0 5760 178 96.8 560 6040 1.24144 1.81696
2577 30 0 0 0 1 1 0 5760 178 96.8 570 6040 1.24144 1.81696
2578 0 18 18 0 1 0 0 25 49 3.5 570 305 -1.27021 -1.35544
2578 1 0 0 39.4 0 0 0 25 49 3.5 571 305 -1.27021 -1.35544
2578 2 0 0 11.51 0 0 0 25 49 3.5 572 305 -1.27021 -1.35544
2578 3 0 0 4.78 0 0 0 25 49 3.5 573 305 -1.27021 -1.35544
2578 4 0 0 0 1 0 0 25 49 3.5 574 305 -1.27021 -1.35544
2578 5 0 0 3.11 0 0 0 25 49 3.5 575 305 -1.27021 -1.35544
2578 6 0 0 0 1 0 0 25 49 3.5 576 305 -1.27021 -1.35544
2578 9 0 0 0 1 0 0 25 49 3.5 579 305 -1.27021 -1.35544
2578 10 0 0 1.48 0 0 0 25 49 3.5 580 305 -1.27021 -1.35544
2578 11 0 0 0 1 0 0 25 49 3.5 581 305 -1.27021 -1.35544
2578 20 0 0 0.59 0 0 0 25 49 3.5 590 305 -1.27021 -1.35544
2578 30 0 0 0 1 0 0 25 49 3.5 600 305 -1.27021 -1.35544
2579 0 21.5 21.5 0 1 2 1 49 54 4.3 600 329 -1.2065 -1.15874
2579 1 0 0 19.12 0 2 1 49 54 4.3 601 329 -1.2065 -1.15874
2579 2 0 0 7.57 0 2 1 49 54 4.3 602 329 -1.2065 -1.15874
2579 3 0 0 6.19 0 2 1 49 54 4.3 603 329 -1.2065 -1.15874
2579 4 0 0 0 1 2 1 49 54 4.3 604 329 -1.2065 -1.15874
2579 5 0 0 2.47 0 2 1 49 54 4.3 605 329 -1.2065 -1.15874
2579 6 0 0 0 1 2 1 49 54 4.3 606 329 -1.2065 -1.15874
2579 9 0 0 1.38 0 2 1 49 54 4.3 609 329 -1.2065 -1.15874
2579 10 0 0 0 1 2 1 49 54 4.3 610 329 -1.2065 -1.15874
2579 11 0 0 0 1 2 1 49 54 4.3 611 329 -1.2065 -1.15874
2579 20 0 0 0.47 0 2 1 49 54 4.3 620 329 -1.2065 -1.15874
2579 30 0 0 0 1 2 1 49 54 4.3 630 329 -1.2065 -1.15874
2580 0 16 16 0 1 1 1 20 53 3.2 630 300 -1.28412 -1.44107
2580 1 0 0 18.16 0 1 1 20 53 3.2 631 300 -1.28412 -1.44107
2580 2 0 0 7.46 0 1 1 20 53 3.2 632 300 -1.28412 -1.44107
2580 3 0 0 4.69 0 1 1 20 53 3.2 633 300 -1.28412 -1.44107
2580 4 0 0 2.83 0 1 1 20 53 3.2 634 300 -1.28412 -1.44107
2580 5 0 0 0 1 1 1 20 53 3.2 635 300 -1.28412 -1.44107
2580 6 0 0 0 1 1 1 20 53 3.2 636 300 -1.28412 -1.44107
2580 9 0 0 0 1 1 1 20 53 3.2 639 300 -1.28412 -1.44107
2580 10 0 0 0 1 1 1 20 53 3.2 640 300 -1.28412 -1.44107
2580 11 0 0 0 1 1 1 20 53 3.2 641 300 -1.28412 -1.44107
2580 20 0 0 1.05 0 1 1 20 53 3.2 650 300 -1.28412 -1.44107
2580 30 0 0 0.35 0 1 1 20 53 3.2 660 300 -1.28412 -1.44107
2586 0 54.5 54.5 0 1 1 0 753 85 10.9 660 1033 -0.244042 -0.269909
2586 1 0 0 3.79 0 1 0 753 85 10.9 661 1033 -0.244042 -0.269909
2586 2 0 0 1.79 0 1 0 753 85 10.9 662 1033 -0.244042 -0.269909
2586 3 0 0 0.96 0 1 0 753 85 10.9 663 1033 -0.244042 -0.269909
2586 4 0 0 0 1 1 0 753 85 10.9 664 1033 -0.244042 -0.269909
2586 5 0 0 0.56 0 1 0 753 85 10.9 665 1033 -0.244042 -0.269909
2586 6 0 0 0 1 1 0 753 85 10.9 666 1033 -0.244042 -0.269909
2586 9 0 0 0 1 1 0 753 85 10.9 669 1033 -0.244042 -0.269909
2586 10 0 0 0 1 1 0 753 85 10.9 670 1033 -0.244042 -0.269909
2586 11 0 0 0 1 1 0 753 85 10.9 671 1033 -0.244042 -0.269909
2586 20 0 0 0 1 1 0 753 85 10.9 680 1033 -0.244042 -0.269909
2586 30 0 0 0 1 1 0 753 85 10.9 690 1033 -0.244042 -0.269909
2587 0 210 210 0 1 1 0 4457 63 42.1 690 4737 1.03703 1.02135
2587 1 0 0 33.74 0 1 0 4457 63 42.1 691 4737 1.03703 1.02135
2587 2 0 0 3.41 0 1 0 4457 63 42.1 692 4737 1.03703 1.02135
2587 3 0 0 3.05 0 1 0 4457 63 42.1 693 4737 1.03703 1.02135
2587 4 0 0 0 1 1 0 4457 63 42.1 694 4737 1.03703 1.02135
2587 5 0 0 2.15 0 1 0 4457 63 42.1 695 4737 1.03703 1.02135
2587 6 0 0 0 1 1 0 4457 63 42.1 696 4737 1.03703 1.02135
2587 9 0 0 0 1 1 0 4457 63 42.1 699 4737 1.03703 1.02135
2587 10 0 0 1.12 0 1 0 4457 63 42.1 700 4737 1.03703 1.02135
2587 11 0 0 0 1 1 0 4457 63 42.1 701 4737 1.03703 1.02135
2587 20 0 0 0 1 1 0 4457 63 42.1 710 4737 1.03703 1.02135
2587 30 0 0 0 1 1 0 4457 63 42.1 720 4737 1.03703 1.02135
2588 0 320.5 320.5 0 1 1 0 6286 169 64.1 720 6566 1.31168 1.42307
2588 1 0 0 27.75 0 1 0 6286 169 64.1 721 6566 1.31168 1.42307
2588 2 0 0 8.97 0 1 0 6286 169 64.1 722 6566 1.31168 1.42307
2588 3 0 0 7.25 0 1 0 6286 169 64.1 723 6566 1.31168 1.42307
2588 4 0 0 0 1 1 0 6286 169 64.1 724 6566 1.31168 1.42307
2588 5 0 0 7.7 0 1 0 6286 169 64.1 725 6566 1.31168 1.42307
2588 6 0 0 0 1 1 0 6286 169 64.1 726 6566 1.31168 1.42307
2588 9 0 0 0 1 1 0 6286 169 64.1 729 6566 1.31168 1.42307
2588 10 0 0 2.37 0 1 0 6286 169 64.1 730 6566 1.31168 1.42307
2588 11 0 0 0 1 1 0 6286 169 64.1 731 6566 1.31168 1.42307
2588 20 0 0 1.24 0 1 0 6286 169 64.1 740 6566 1.31168 1.42307
2588 30 0 0 0.41 0 1 0 6286 169 64.1 750 6566 1.31168 1.42307
2589 0 244.5 244.5 0 1 1 0 5021 168 48.9 750 5301 1.13165 1.16442
2589 1 0 0 21.95 0 1 0 5021 168 48.9 751 5301 1.13165 1.16442
2589 2 0 0 13.58 0 1 0 5021 168 48.9 752 5301 1.13165 1.16442
2589 3 0 0 7.11 0 1 0 5021 168 48.9 753 5301 1.13165 1.16442
2589 4 0 0 0 1 1 0 5021 168 48.9 754 5301 1.13165 1.16442
2589 5 0 0 3.36 0 1 0 5021 168 48.9 755 5301 1.13165 1.16442
2589 6 0 0 0 1 1 0 5021 168 48.9 756 5301 1.13165 1.16442
2589 9 0 0 0 1 1 0 5021 168 48.9 759 5301 1.13165 1.16442
2589 10 0 0 0.89 0 1 0 5021 168 48.9 760 5301 1.13165 1.16442
2589 11 0 0 0 1 1 0 5021 168 48.9 761 5301 1.13165 1.16442
2589 20 0 0 0 1 1 0 5021 168 48.9 770 5301 1.13165 1.16442
2589 30 0 0 0 1 1 0 5021 168 48.9 780 5301 1.13165 1.16442
2590 0 75 75 0 1 1 1 2715 108 15 780 2995 0.651379 0.035194
2590 1 0 0 32.5 0 1 1 2715 108 15 781 2995 0.651379 0.035194
2590 2 0 0 17.41 0 1 1 2715 108 15 782 2995 0.651379 0.035194
2590 3 0 0 0 1 1 1 2715 108 15 783 2995 0.651379 0.035194
2590 4 0 0 0 1 1 1 2715 108 15 784 2995 0.651379 0.035194
2590 5 0 0 2.07 0 1 1 2715 108 15 785 2995 0.651379 0.035194
2590 6 0 0 0 1 1 1 2715 108 15 786 2995 0.651379 0.035194
2590 9 0 0 0 1 1 1 2715 108 15 789 2995 0.651379 0.035194
2590 10 0 0 0.8 0 1 1 2715 108 15 790 2995 0.651379 0.035194
2590 11 0 0 0 1 1 1 2715 108 15 791 2995 0.651379 0.035194
2590 20 0 0 0 1 1 1 2715 108 15 800 2995 0.651379 0.035194
2590 30 0 0 0 1 1 1 2715 108 15 810 2995 0.651379 0.035194
2591 0 109 109 0 1 1 0 2528 115 21.8 810 2808 0.597147 0.392445
2591 1 0 0 0 1 1 0 2528 115 21.8 811 2808 0.597147 0.392445
2591 2 0 0 35.22 0 1 0 2528 115 21.8 812 2808 0.597147 0.392445
2591 3 0 0 7.41 0 1 0 2528 115 21.8 813 2808 0.597147 0.392445
2591 4 0 0 4.03 0 1 0 2528 115 21.8 814 2808 0.597147 0.392445
2591 5 0 0 0 1 1 0 2528 115 21.8 815 2808 0.597147 0.392445
2591 6 0 0 3.2 0 1 0 2528 115 21.8 816 2808 0.597147 0.392445
2591 9 0 0 0 1 1 0 2528 115 21.8 819 2808 0.597147 0.392445
2591 10 0 0 0 1 1 0 2528 115 21.8 820 2808 0.597147 0.392445
2591 11 0 0 0.99 0 1 0 2528 115 21.8 821 2808 0.597147 0.392445
2591 20 0 0 0 1 1 0 2528 115 21.8 830 2808 0.597147 0.392445
2591 30 0 0 0 1 1 0 2528 115 21.8 840 2808 0.597147 0.392445
2593 0 205.5 205.5 0 1 1 1 5065 150 41.1 840 5345 1.13861 0.998374
2593 1 0 0 46.11 0 1 1 5065 150 41.1 841 5345 1.13861 0.998374
2593 2 0 0 11.26 0 1 1 5065 150 41.1 842 5345 1.13861 0.998374
2593 3 0 0 5.54 0 1 1 5065 150 41.1 843 5345 1.13861 0.998374
2593 4 0 0 0 1 1 1 5065 150 41.1 844 5345 1.13861 0.998374
2593 5 0 0 2.57 0 1 1 5065 150 41.1 845 5345 1.13861 0.998374
2593 6 0 0 0 1 1 1 5065 150 41.1 846 5345 1.13861 0.998374
2593 9 0 0 0 1 1 1 5065 150 41.1 849 5345 1.13861 0.998374
2593 10 0 0 1.22 0 1 1 5065 150 41.1 850 5345 1.13861 0.998374
2593 11 0 0 0 1 1 1 5065 150 41.1 851 5345 1.13861 0.998374
2593 20 0 0 0 1 1 1 5065 150 41.1 860 5345 1.13861 0.998374
2593 30 0 0 0 1 1 1 5065 150 41.1 870 5345 1.13861 0.998374
2594 0 168 168 0 1 1 1 3773 148 33.6 870 4053 0.905848 0.805842
2594 1 0 0 29.8 0 1 1 3773 148 33.6 871 4053 0.905848 0.805842
2594 2 0 0 14.89 0 1 1 3773 148 33.6 872 4053 0.905848 0.805842
2594 3 0 0 4.85 0 1 1 3773 148 33.6 873 4053 0.905848 0.805842
2594 4 0 0 0 1 1 1 3773 148 33.6 874 4053 0.905848 0.805842
2594 5 0 0 4.12 0 1 1 3773 148 33.6 875 4053 0.905848 0.805842
2594 6 0 0 0 1 1 1 3773 148 33.6 876 4053 0.905848 0.805842
2594 9 0 0 0 1 1 1 3773 148 33.6 879 4053 0.905848 0.805842
2594 10 0 0 1.13 0 1 1 3773 148 33.6 880 4053 0.905848 0.805842
2594 11 0 0 0 1 1 1 3773 148 33.6 881 4053 0.905848 0.805842
2594 20 0 0 0.65 0 1 1 3773 148 33.6 890 4053 0.905848 0.805842
2594 30 0 0 0 1 1 1 3773 148 33.6 900 4053 0.905848 0.805842
2596 0 31.5 31.5 0 1 1 0 85 0 6.3 900 365 -1.11915 -0.793768
2596 1 0 0 19.61 0 1 0 85 0 6.3 901 365 -1.11915 -0.793768
2596 2 0 0 5.78 0 1 0 85 0 6.3 902 365 -1.11915 -0.793768
2596 3 0 0 2.71 0 1 0 85 0 6.3 903 365 -1.11915 -0.793768
2596 4 0 0 0 1 1 0 85 0 6.3 904 365 -1.11915 -0.793768
2596 5 0 0 2.71 0 1 0 85 0 6.3 905 365 -1.11915 -0.793768
2596 6 0 0 0 1 1 0 85 0 6.3 906 365 -1.11915 -0.793768
2596 9 0 0 0 1 1 0 85 0 6.3 909 365 -1.11915 -0.793768
2596 10 0 0 0.79 0 1 0 85 0 6.3 910 365 -1.11915 -0.793768
2596 11 0 0 0 1 1 0 85 0 6.3 911 365 -1.11915 -0.793768
2596 20 0 0 0 1 1 0 85 0 6.3 920 365 -1.11915 -0.793768
2596 30 0 0 0 1 1 0 85 0 6.3 930 365 -1.11915 -0.793768
2597 0 237.5 237.5 0 1 1 1 5561 160 47.5 930 5841 1.21325 1.13667
2597 1 0 0 33.18 0 1 1 5561 160 47.5 931 5841 1.21325 1.13667
2597 2 0 0 16.48 0 1 1 5561 160 47.5 932 5841 1.21325 1.13667
2597 3 0 0 10.47 0 1 1 5561 160 47.5 933 5841 1.21325 1.13667
2597 4 0 0 0 1 1 1 5561 160 47.5 934 5841 1.21325 1.13667
2597 5 0 0 5.15 0 1 1 5561 160 47.5 935 5841 1.21325 1.13667
2597 6 0 0 0 1 1 1 5561 160 47.5 936 5841 1.21325 1.13667
2597 9 0 0 0 1 1 1 5561 160 47.5 939 5841 1.21325 1.13667
2597 10 0 0 1.36 0 1 1 5561 160 47.5 940 5841 1.21325 1.13667
2597 11 0 0 0 1 1 1 5561 160 47.5 941 5841 1.21325 1.13667
2597 20 0 0 0.78 0 1 1 5561 160 47.5 950 5841 1.21325 1.13667
2597 30 0 0 0 1 1 1 5561 160 47.5 960 5841 1.21325 1.13667
2598 0 66 66 0 1 1 0 449 85 13.2 960 729 -0.537236 -0.0869604
2598 1 0 0 25.07 0 1 0 449 85 13.2 961 729 -0.537236 -0.0869604
2598 2 0 0 20.54 0 1 0 449 85 13.2 962 729 -0.537236 -0.0869604
2598 3 0 0 10.04 0 1 0 449 85 13.2 963 729 -0.537236 -0.0869604
2598 4 0 0 0 1 1 0 449 85 13.2 964 729 -0.537236 -0.0869604
2598 5 0 0 5.65 0 1 0 449 85 13.2 965 729 -0.537236 -0.0869604
2598 6 0 0 0 1 1 0 449 85 13.2 966 729 -0.537236 -0.0869604
2598 9 0 0 0 1 1 0 449 85 13.2 969 729 -0.537236 -0.0869604
2598 10 0 0 1.21 0 1 0 449 85 13.2 970 729 -0.537236 -0.0869604
2598 11 0 0 0 1 1 0 449 85 13.2 971 729 -0.537236 -0.0869604
2598 20 0 0 0 1 1 0 449 85 13.2 980 729 -0.537236 -0.0869604
2598 30 0 0 0 1 1 0 449 85 13.2 990 729 -0.537236 -0.0869604
2599 0 325 325 0 1 1 1 6073 168 65 990 6353 1.28394 1.43639
2599 1 0 0 49.71 0 1 1 6073 168 65 991 6353 1.28394 1.43639
2599 2 0 0 23.04 0 1 1 6073 168 65 992 6353 1.28394 1.43639
2599 3 0 0 11.2 0 1 1 6073 168 65 993 6353 1.28394 1.43639
2599 4 0 0 0 1 1 1 6073 168 65 994 6353 1.28394 1.43639
2599 5 0 0 3.59 0 1 1 6073 168 65 995 6353 1.28394 1.43639
2599 6 0 0 0 1 1 1 6073 168 65 996 6353 1.28394 1.43639
2599 9 0 0 0 1 1 1 6073 168 65 999 6353 1.28394 1.43639
2599 10 0 0 1.6 0 1 1 6073 168 65 1000 6353 1.28394 1.43639
2599 11 0 0 0 1 1 1 6073 168 65 1001 6353 1.28394 1.43639
2599 20 0 0 0.43 0 1 1 6073 168 65 1010 6353 1.28394 1.43639
2599 30 0 0 0 1 1 1 6073 168 65 1020 6353 1.28394 1.43639
2600 0 18.75 18.75 0 1 1 0 5 54 3.8 1020 285 -1.32726 -1.27686
2600 1 0 0 17.74 0 1 0 5 54 3.8 1021 285 -1.32726 -1.27686
2600 2 0 0 5.72 0 1 0 5 54 3.8 1022 285 -1.32726 -1.27686
2600 3 0 0 5.33 0 1 0 5 54 3.8 1023 285 -1.32726 -1.27686
2600 4 0 0 0 1 1 0 5 54 3.8 1024 285 -1.32726 -1.27686
2600 5 0 0 2.88 0 1 0 5 54 3.8 1025 285 -1.32726 -1.27686
2600 6 0 0 0 1 1 0 5 54 3.8 1026 285 -1.32726 -1.27686
2600 9 0 0 0 1 1 0 5 54 3.8 1029 285 -1.32726 -1.27686
2600 10 0 0 0 1 1 0 5 54 3.8 1030 285 -1.32726 -1.27686
2600 11 0 0 1.53 0 1 0 5 54 3.8 1031 285 -1.32726 -1.27686
2600 20 0 0 0.6 0 1 0 5 54 3.8 1040 285 -1.32726 -1.27686
2600 30 0 0 0 1 1 0 5 54 3.8 1050 285 -1.32726 -1.27686
2601 0 21 21 0 1 0 0 36 0 4.2 1050 316 -1.24041 -1.18122
2601 1 0 0 16.38 0 0 0 36 0 4.2 1051 316 -1.24041 -1.18122
2601 2 0 0 2.91 0 0 0 36 0 4.2 1052 316 -1.24041 -1.18122
2601 3 0 0 2.13 0 0 0 36 0 4.2 1053 316 -1.24041 -1.18122
2601 4 0 0 0 1 0 0 36 0 4.2 1054 316 -1.24041 -1.18122
2601 5 0 0 1.52 0 0 0 36 0 4.2 1055 316 -1.24041 -1.18122
2601 6 0 0 0 1 0 0 36 0 4.2 1056 316 -1.24041 -1.18122
2601 9 0 0 0 1 0 0 36 0 4.2 1059 316 -1.24041 -1.18122
2601 10 0 0 0 1 0 0 36 0 4.2 1060 316 -1.24041 -1.18122
2601 11 0 0 0 1 0 0 36 0 4.2 1061 316 -1.24041 -1.18122
2601 20 0 0 0 1 0 0 36 0 4.2 1070 316 -1.24041 -1.18122
2601 30 0 0 0 1 0 0 36 0 4.2 1080 316 -1.24041 -1.18122
